7
1
0.050248 0.016751 0.394004 0.252991 0.016751 0.232151 0.020354 
8
23
1.000000 1.000000 1.000000 1.000000 1.000000 1.000000 1.000000 -1.000000 
0.000000 -1.000000 0.000000 0.000000 0.000000 0.000000 0.000000 0.000000 
0.000000 0.000000 0.000000 0.000000 -1.000000 0.000000 0.000000 0.000000 
0.000000 0.000000 0.000000 0.000000 0.000000 0.000000 -1.000000 0.000000 
0.150400 0.426483 -0.496280 0.161941 -0.687242 0.225033 -0.005596 0.000000 
-0.743842 -0.075500 0.076079 -0.461278 -0.034136 0.470391 -0.000746 0.000000 
-0.409224 -0.417605 -0.131497 0.007616 0.550965 0.193905 -0.547386 0.000000 
0.382471 0.354228 0.144325 -0.371773 0.082141 -0.317625 -0.679383 0.000000 
0.168838 0.025345 0.084570 -0.097913 -0.878119 -0.083723 -0.419535 0.000000 
-0.639686 -0.541545 0.052874 0.078113 -0.526858 -0.102603 0.022970 0.000000 
-0.424511 -0.322398 0.014966 0.035454 -0.834575 0.021697 0.131848 0.000000 
-0.719398 0.602140 -0.055064 -0.015735 -0.081852 -0.003725 0.331514 0.000000 
-0.816460 -0.364989 -0.043353 0.033544 0.278913 0.045329 0.342527 0.000000 
-0.102825 -0.327152 0.062011 -0.009007 -0.544636 -0.500449 0.575668 0.000000 
0.166622 0.729402 0.007250 0.129364 -0.213675 -0.610275 -0.072999 0.000000 
-0.240179 0.554738 0.009387 0.092870 0.755165 -0.234206 0.027214 0.000000 
0.653987 0.356855 -0.136304 -0.132644 -0.070618 0.086328 0.629558 0.000000 
0.056165 0.278795 -0.074629 0.010005 -0.941671 0.028934 0.160834 0.000000 
-0.306894 -0.842647 -0.177597 0.215264 0.326751 0.094164 0.047435 0.000000 
0.160558 0.043303 0.018950 0.105230 0.807583 -0.272694 -0.484109 0.000000 
-0.250159 -0.590637 0.019092 -0.104466 -0.374563 -0.000310 0.661055 0.000000 
-0.731819 -0.488201 0.082609 -0.024572 0.159648 -0.079675 0.432248 0.000000 
-0.728884 -0.509320 0.036788 -0.019388 -0.267980 0.027730 0.367438 0.000000 
