57 7
0.151163 0.014493 0.144059 0.010000 0.010000 0.633333 1.000000 
0.116279 0.014493 0.113363 0.010000 0.010000 0.900000 1.000000 
0.010000 0.010000 0.010000 0.343005 0.500000 0.416667 1.000000 
0.010000 0.010000 0.010000 0.321413 0.500000 0.583333 0.714286 
0.151163 0.536232 0.248003 0.010000 0.010000 0.583333 1.000000 
0.232558 0.913043 0.419056 0.010000 0.010000 0.500000 1.000000 
0.010000 0.010000 0.010000 0.341655 1.000000 0.200000 0.214286 
0.087209 0.014493 0.166176 0.010000 0.010000 0.900000 1.000000 
0.279070 0.014493 0.111429 0.010000 0.010000 0.766667 1.000000 
0.010000 0.010000 0.010000 0.254836 0.500000 0.666667 1.000000 
0.010000 0.010000 0.010000 0.433873 1.000000 0.700000 0.010000 
0.010000 0.010000 0.010000 0.277103 1.000000 0.883333 0.010000 
0.465116 1.000000 0.975023 0.010000 0.010000 0.900000 0.010000 
0.767442 1.000000 0.943655 0.010000 0.010000 0.583333 0.010000 
0.010000 0.010000 0.010000 0.229420 1.000000 0.900000 0.010000 
0.010000 0.010000 0.010000 0.786550 1.000000 0.550000 0.028571 
0.010000 0.010000 0.010000 0.984256 0.500000 0.616667 0.142857 
0.767442 1.000000 0.898242 0.010000 0.010000 0.900000 0.010000 
0.010000 0.010000 0.010000 0.872695 1.000000 0.233333 0.010000 
0.010000 0.010000 0.010000 0.500450 1.000000 0.010000 0.214286 
0.000116 1.000000 0.668405 0.010000 0.010000 0.900000 0.785714 
0.965116 1.000000 0.430998 0.010000 0.010000 0.666667 0.914286 
0.290698 1.000000 1.000000 0.010000 0.010000 0.750000 0.010000 
0.209302 0.985507 0.546043 0.010000 0.010000 0.716667 0.914286 
0.965116 1.000000 0.923640 0.010000 0.010000 0.583333 0.010000 
0.010000 0.010000 0.010000 0.926451 0.500000 0.500000 0.714286 
0.965116 1.000000 0.812968 0.010000 0.010000 0.416667 0.285714 
0.523256 1.000000 0.416113 0.010000 0.010000 0.900000 0.914286 
0.406977 1.000000 0.861155 0.010000 0.010000 0.900000 0.714286 
0.534884 1.000000 0.883357 0.010000 0.010000 0.200000 0.914286 
0.697674 1.000000 0.799092 0.010000 0.010000 0.766667 0.214286 
0.965116 1.000000 0.878480 0.010000 0.010000 0.900000 0.057143 
0.010000 0.010000 0.010000 0.959289 0.500000 0.900000 0.685714 
0.010000 0.010000 0.010000 0.612461 0.500000 0.400000 0.914286 
0.406977 1.000000 0.716172 0.010000 0.010000 0.666667 0.914286 
0.010000 0.010000 0.010000 0.629780 0.500000 0.500000 0.857143 
0.965116 1.000000 0.460853 0.010000 0.010000 0.466667 0.914286 
0.965116 1.000000 0.770078 0.010000 0.010000 0.900000 0.714286 
0.662791 1.000000 0.866370 0.010000 0.010000 0.600000 0.714286 
0.255814 0.971014 0.712135 0.010000 0.010000 0.783333 0.785714 
0.406977 1.000000 0.775376 0.010000 0.010000 0.900000 0.728571 
0.000116 1.000000 0.585401 0.010000 0.010000 0.900000 0.914286 
0.395349 1.000000 0.537297 0.010000 0.010000 0.900000 0.914286 
0.697674 1.000000 0.975948 0.010000 0.010000 0.133333 0.628571 
0.348837 1.000000 0.898242 0.010000 0.010000 0.900000 0.057143 
0.581395 1.000000 0.413338 0.010000 0.010000 0.900000 0.914286 
0.965116 1.000000 0.857792 0.010000 0.010000 0.333333 0.914286 
0.860465 0.927536 0.278278 0.010000 0.010000 0.916667 0.010000 
1.000000 1.000000 0.854007 0.010000 0.010000 0.900000 0.157143 
1.000000 1.000000 0.223446 0.010000 0.010000 0.900000 0.542857 
1.000000 1.000000 0.863426 0.010000 0.010000 0.333333 0.010000 
0.010000 0.010000 0.010000 0.449843 1.000000 0.333333 0.057143 
1.000000 1.000000 0.311832 0.010000 0.010000 0.133333 0.228571 
1.000000 1.000000 0.858717 0.010000 0.010000 0.900000 0.010000 
0.040698 0.086957 0.242200 0.010000 0.010000 1.000000 0.157143 
0.755814 1.000000 0.757043 0.010000 0.010000 1.000000 0.010000 
0.010000 0.010000 0.010000 1.000000 0.500000 1.000000 0.010000 
