315 19
1.000000 0.760000 0.000000 0.200000 0.400000 0.000000 0.000000 0.000000 0.800000 0.800000 0.700000 0.600000 1.000000 0.900000 0.600000 0.500000 0.300000 0.800000 0.800000 
0.815385 0.885714 0.800000 0.911111 0.666667 0.760000 0.818182 0.909091 0.723077 0.871429 0.880000 0.800000 0.650000 0.780000 0.714286 0.760000 0.880000 0.846154 0.746667 
0.600000 0.900000 0.700000 0.800000 0.720000 0.800000 0.800000 0.900000 0.700000 0.685714 0.740000 0.760000 1.000000 0.800000 0.840000 0.900000 0.633333 0.750000 0.800000 
0.906667 0.923077 0.871429 0.777778 0.830769 0.911111 0.905263 0.894118 0.877778 0.840000 0.837500 0.900000 0.861538 0.900000 0.800000 0.828571 0.920000 0.953846 0.840000 
0.780000 0.880000 0.911111 0.800000 0.780000 0.800000 0.846154 0.854545 0.872727 0.738462 0.666667 0.711111 0.888889 0.644444 0.680000 0.888889 0.657143 0.800000 0.822222 
0.800000 0.866667 0.800000 0.200000 0.800000 1.000000 0.771429 0.866667 0.800000 0.840000 0.800000 0.800000 0.733333 0.600000 0.950000 0.000000 0.900000 0.800000 0.733333 
0.700000 0.600000 0.666667 0.700000 0.600000 0.600000 0.800000 0.840000 0.500000 0.733333 0.866667 0.850000 0.800000 0.700000 0.900000 0.500000 0.466667 0.600000 0.466667 
0.885714 0.842857 0.883333 0.780000 0.811111 0.827273 0.843478 0.872727 0.800000 0.880000 0.826667 0.700000 0.858824 0.810526 0.766667 0.777778 0.876923 0.811765 0.907692 
0.850000 0.920000 0.833333 0.828571 0.816667 0.875000 0.888889 0.866667 0.818182 0.700000 0.780000 0.850000 0.942857 0.814286 0.766667 0.755556 0.700000 0.815385 0.720000 
0.600000 0.900000 0.000000 0.700000 0.800000 0.400000 0.733333 0.900000 0.650000 0.000000 0.733333 0.866667 0.800000 0.866667 0.000000 0.900000 0.800000 0.000000 0.850000 
0.800000 0.700000 0.933333 1.000000 0.666667 0.700000 0.818182 0.750000 0.571429 0.680000 0.700000 0.733333 1.000000 0.800000 0.000000 0.866667 0.800000 0.933333 0.733333 
0.800000 0.784615 0.680000 0.666667 0.933333 0.888889 0.785714 0.555556 0.683333 0.760000 0.727273 0.800000 0.750000 0.800000 0.700000 0.833333 0.700000 0.714286 0.828571 
0.866667 0.857143 0.800000 0.600000 0.742857 1.000000 0.866667 0.850000 0.680000 0.950000 0.775000 0.800000 0.800000 0.800000 0.800000 0.800000 0.760000 0.777778 0.850000 
0.920000 0.840000 0.850000 0.450000 0.800000 0.933333 0.800000 0.942857 0.600000 0.777778 0.733333 0.950000 0.920000 0.825000 0.880000 0.800000 0.800000 0.866667 0.857143 
0.860606 0.903030 0.880000 0.833333 0.848000 0.870588 0.900000 0.862069 0.896774 0.857143 0.903030 0.836364 0.885714 0.860606 0.882759 0.818182 0.888000 0.903704 0.864516 
0.890000 0.840000 0.820000 0.811111 0.833333 0.843478 0.785185 0.900000 0.884211 0.900000 0.741667 0.800000 0.747368 0.754545 0.723077 0.744444 0.800000 0.800000 0.740000 
0.750000 1.000000 0.700000 1.000000 0.933333 0.866667 0.900000 1.000000 0.700000 0.650000 0.000000 0.000000 0.000000 0.666667 0.800000 0.000000 0.800000 0.600000 0.866667 
0.866667 0.933333 0.600000 0.700000 0.666667 0.900000 0.866667 0.818182 0.733333 0.766667 0.828571 0.700000 0.900000 0.800000 0.400000 1.000000 1.000000 0.800000 0.900000 
0.800000 0.900000 0.000000 0.666667 0.600000 0.920000 0.800000 0.900000 0.733333 0.640000 0.828571 0.933333 0.800000 0.733333 0.200000 1.000000 0.800000 0.833333 0.800000 
0.800000 0.880000 0.600000 0.700000 0.400000 0.866667 0.733333 0.760000 0.500000 0.680000 0.760000 0.800000 0.900000 0.733333 0.600000 0.866667 1.000000 0.900000 0.866667 
0.963636 0.940741 0.836364 0.909091 0.863158 0.918182 0.876190 0.857143 0.842857 0.882353 0.800000 0.875000 0.953846 0.844444 0.892308 0.857143 0.914286 0.969231 0.893333 
0.750000 0.600000 0.600000 0.800000 0.600000 0.650000 0.533333 1.000000 0.700000 0.550000 0.500000 0.560000 0.600000 0.800000 0.400000 0.700000 0.533333 0.500000 0.440000 
0.914286 0.800000 1.000000 0.840000 0.700000 0.680000 0.600000 0.777778 0.666667 0.820000 0.781818 0.766667 0.828571 0.750000 0.650000 0.800000 0.866667 0.866667 0.800000 
0.846154 0.857143 0.818182 0.911111 0.850000 0.800000 0.808696 0.823529 0.760000 0.800000 0.833333 0.766667 0.950000 0.800000 0.727273 0.785714 0.900000 0.842857 0.887500 
0.833333 0.881818 0.866667 0.857143 0.904762 0.910345 0.859259 0.864286 0.922222 0.809524 0.809524 0.842857 0.862500 0.773913 0.885714 0.800000 0.875000 0.866667 0.866667 
0.936000 0.868750 0.885714 0.832000 0.761905 0.864706 0.836364 0.843750 0.806250 0.812500 0.876923 0.814815 0.846667 0.723810 0.720000 0.828571 0.830000 0.831579 0.814286 
0.600000 0.550000 0.600000 0.000000 0.400000 0.700000 0.600000 0.700000 0.550000 0.733333 0.333333 0.800000 0.000000 1.000000 0.600000 0.000000 0.766667 0.533333 0.600000 
0.800000 0.900000 0.700000 0.600000 0.600000 0.200000 0.600000 0.733333 1.000000 0.600000 0.720000 1.000000 0.800000 0.800000 0.866667 0.000000 0.000000 0.000000 0.800000 
1.000000 0.800000 0.000000 0.933333 0.800000 1.000000 0.950000 0.888889 0.866667 0.840000 0.933333 0.650000 0.000000 0.920000 1.000000 0.800000 1.000000 0.933333 0.800000 
0.950000 0.755556 0.769231 0.753846 0.800000 0.861538 0.769231 0.890909 0.833333 0.871429 0.783333 0.825000 0.675000 0.666667 0.888889 0.950000 0.766667 0.900000 0.780000 
0.872727 0.850000 0.800000 0.876190 0.870000 0.929412 0.851852 0.842105 0.808696 0.884615 0.841667 0.888889 0.846154 0.881818 0.820000 0.808696 0.833333 0.886957 0.860000 
0.600000 0.000000 0.200000 0.200000 0.200000 0.266667 0.733333 0.000000 0.600000 0.000000 1.000000 0.800000 0.200000 0.000000 0.450000 0.000000 0.400000 0.600000 0.200000 
0.900000 0.826667 0.800000 0.760000 0.892308 0.812500 0.850000 0.885714 0.742857 0.763636 0.858824 0.738462 0.820000 0.800000 0.775000 0.720000 0.866667 0.866667 0.753846 
0.875000 0.840000 0.933333 0.800000 0.872727 0.828571 0.926316 0.846154 0.866667 0.709091 0.850000 0.950000 0.800000 0.923077 0.885714 0.911111 0.771429 0.816667 0.861538 
0.853333 0.860000 0.942857 0.800000 0.733333 0.885714 0.822222 0.676923 0.700000 0.800000 0.760000 0.818182 0.883333 0.814286 0.690909 0.769231 0.700000 0.885714 0.685714 
0.885714 0.800000 1.000000 0.840000 0.900000 0.800000 0.942857 0.800000 0.875000 0.836364 0.750000 0.800000 0.600000 0.720000 0.700000 0.850000 1.000000 0.800000 0.800000 
0.900000 0.780000 0.820000 0.854545 0.711111 0.733333 0.784615 0.750000 0.822222 0.815385 0.700000 0.840000 0.885714 0.680000 0.766667 0.866667 0.640000 0.800000 0.733333 
0.650000 0.550000 0.000000 0.000000 0.533333 0.566667 0.680000 0.600000 0.600000 1.000000 0.500000 0.866667 0.600000 0.600000 0.600000 0.800000 0.666667 0.450000 0.560000 
0.400000 0.666667 0.000000 0.400000 0.200000 1.000000 0.700000 1.000000 0.200000 0.600000 0.500000 0.000000 0.600000 0.700000 0.700000 0.000000 0.000000 0.000000 0.000000 
0.900000 0.745455 0.771429 0.700000 0.800000 0.828571 0.785714 0.777778 0.920000 0.800000 0.654545 0.600000 0.640000 0.800000 0.742857 0.600000 0.777778 0.866667 0.900000 
0.771429 0.820000 0.857143 0.750000 0.780000 0.866667 0.837500 0.733333 0.783333 0.900000 0.640000 0.900000 0.800000 0.742857 0.750000 0.750000 0.840000 0.750000 0.833333 
0.800000 0.760000 0.400000 0.685714 0.560000 0.666667 0.709091 0.666667 1.000000 0.650000 1.000000 0.666667 0.700000 0.600000 0.700000 0.700000 0.866667 0.800000 0.550000 
0.850000 0.000000 0.900000 0.866667 0.933333 0.750000 0.760000 0.920000 0.850000 1.000000 0.900000 0.725000 0.800000 0.750000 0.600000 0.000000 0.000000 0.880000 0.828571 
0.840000 0.800000 1.000000 0.700000 0.866667 0.733333 0.800000 0.885714 0.866667 1.000000 0.900000 0.800000 0.733333 0.800000 0.600000 0.000000 0.000000 0.900000 0.800000 
0.550000 0.600000 0.400000 0.666667 0.666667 0.600000 0.666667 0.600000 0.600000 1.000000 0.640000 0.666667 0.000000 0.566667 0.400000 0.400000 0.560000 0.500000 0.500000 
0.823529 0.833333 0.820000 0.780000 0.833333 0.819048 0.808696 0.823529 0.770000 0.857143 0.869565 0.857143 0.800000 0.826087 0.666667 0.788235 0.883333 0.811765 0.790000 
0.966667 0.850000 1.000000 0.800000 0.900000 0.880000 0.890909 0.914286 0.700000 0.942857 0.914286 0.866667 1.000000 0.900000 0.850000 0.914286 0.900000 0.942857 0.933333 
0.866667 0.844444 0.800000 0.933333 0.942857 0.666667 0.833333 0.925000 0.720000 0.828571 0.750000 0.850000 0.666667 0.800000 0.920000 1.000000 0.800000 0.800000 0.800000 
0.850000 0.800000 0.900000 1.000000 0.800000 0.866667 0.840000 0.750000 0.742857 0.800000 0.700000 0.866667 0.000000 0.600000 0.000000 0.840000 0.600000 0.800000 0.633333 
0.831579 0.852632 0.887500 0.846154 0.800000 0.820000 0.836364 0.852632 0.881818 0.830000 0.800000 0.815385 0.810526 0.854545 0.812500 0.852632 0.813333 0.895238 0.866667 
0.870588 0.820000 0.783333 0.933333 0.762500 0.860000 0.828571 0.780000 0.800000 0.858824 0.870588 0.842857 0.876923 0.850000 0.785714 0.811765 0.830769 0.894118 0.850000 
0.900000 0.916667 0.880000 0.823529 0.836364 0.826087 0.806897 0.818182 0.875000 0.881818 0.808333 0.786667 0.760000 0.856000 0.837500 0.854545 0.870000 0.912000 0.872000 
0.741176 0.828571 0.933333 0.720000 0.800000 0.800000 0.788889 0.771429 0.753846 0.861538 0.711111 0.800000 0.787500 0.714286 0.771429 0.786667 0.828571 0.788889 0.840000 
0.875000 0.966667 0.800000 0.866667 0.880000 0.880000 0.866667 0.857143 0.822222 0.857143 0.800000 0.885714 0.920000 0.900000 0.822222 0.900000 0.600000 0.800000 1.000000 
0.854545 0.818182 0.825000 0.840000 0.733333 0.785714 0.790476 0.800000 0.860000 0.783333 0.816667 0.828571 0.850000 0.800000 0.700000 0.846154 0.777778 0.847059 0.833333 
0.860000 0.800000 0.755556 0.900000 0.657143 0.833333 0.777778 0.866667 0.752941 0.816667 0.725000 0.740000 0.760000 0.826667 0.900000 0.711111 0.780000 0.833333 0.840000 
0.857143 0.900000 0.933333 0.750000 0.813333 0.838095 0.740000 0.830000 0.784615 0.840000 0.800000 0.854545 0.822222 0.762500 0.577778 0.750000 0.923077 0.828571 0.752941 
0.812500 0.800000 0.822222 0.800000 0.787500 0.826667 0.790000 0.933333 0.826667 0.820000 0.828571 0.820000 0.820000 0.846154 0.840000 0.711111 0.775000 0.840000 0.861538 
0.900000 0.940000 0.857143 0.785714 0.833333 0.825000 0.800000 0.781818 0.755556 0.800000 0.814286 0.844444 0.945455 0.857143 0.775000 0.830769 0.860000 0.816667 0.909091 
0.875000 0.760000 0.800000 0.900000 0.600000 0.800000 0.900000 0.900000 0.550000 0.600000 0.950000 0.000000 1.000000 0.850000 0.800000 0.800000 0.733333 0.866667 0.800000 
0.857143 0.900000 0.900000 0.733333 0.633333 0.720000 0.818182 0.942857 0.800000 0.866667 0.836364 0.900000 0.720000 0.666667 1.000000 0.866667 0.800000 0.800000 0.818182 
0.875000 0.866667 0.850000 0.733333 0.780000 0.818182 0.850000 0.861538 0.853333 0.880000 0.857143 0.833333 0.850000 0.800000 0.685714 0.822222 0.800000 0.847059 0.933333 
0.800000 0.700000 0.933333 0.900000 0.800000 0.800000 0.740000 0.920000 0.850000 0.840000 0.777778 0.914286 0.880000 0.816667 0.760000 0.866667 0.880000 0.960000 0.766667 
0.837500 0.810526 0.933333 0.777778 0.846154 0.890909 0.800000 0.753846 0.814286 0.830769 0.814286 0.738462 0.888889 0.769231 0.850000 0.800000 0.800000 0.690909 0.815385 
0.840000 0.905882 0.883333 0.660000 0.776471 0.750000 0.755556 0.720000 0.800000 0.825000 0.755556 0.740000 0.773333 0.780952 0.640000 0.775000 0.800000 0.800000 0.844444 
0.816667 0.825000 0.900000 0.820000 0.800000 0.707692 0.747368 0.742857 0.786667 0.800000 0.769231 0.875000 0.818182 0.750000 0.860000 0.717647 0.760000 0.738462 0.750000 
0.866667 0.900000 0.866667 0.850000 0.900000 0.857143 0.800000 0.833333 0.846154 0.785714 0.871429 0.875000 0.866667 0.786667 0.836364 0.550000 0.727273 0.812500 0.742857 
0.700000 0.942857 0.700000 0.720000 0.766667 0.857143 0.771429 0.850000 0.666667 0.733333 0.733333 0.885714 0.840000 0.800000 0.550000 0.850000 0.857143 0.875000 0.885714 
0.857143 0.866667 0.900000 0.825000 0.885714 0.850000 0.866667 0.822222 0.840000 0.836364 0.750000 0.800000 0.833333 0.825000 0.685714 0.875000 0.866667 0.925000 0.733333 
0.733333 0.742857 1.000000 0.600000 0.733333 0.875000 0.842857 0.857143 0.685714 0.800000 0.883333 0.771429 1.000000 0.688889 0.875000 0.840000 0.800000 0.833333 0.750000 
0.800000 0.666667 0.600000 0.000000 0.600000 0.850000 1.000000 0.666667 0.514286 0.800000 0.666667 0.600000 0.500000 0.800000 0.666667 0.700000 0.640000 0.800000 0.733333 
0.900000 0.733333 0.000000 0.900000 0.680000 0.933333 0.800000 0.800000 0.571429 0.720000 0.800000 0.800000 0.933333 0.700000 0.900000 0.600000 0.800000 0.833333 0.600000 
0.725000 0.828571 0.800000 0.800000 0.800000 0.866667 0.857143 0.840000 0.685714 0.800000 0.840000 0.900000 0.800000 0.720000 0.920000 0.850000 0.685714 0.733333 0.725000 
0.700000 0.433333 0.200000 0.800000 0.500000 0.760000 0.533333 0.600000 0.800000 0.666667 1.000000 0.750000 0.800000 0.550000 0.633333 0.800000 0.600000 0.720000 0.733333 
0.800000 0.466667 0.666667 0.633333 0.755556 0.666667 0.960000 0.950000 0.933333 0.742857 0.685714 0.700000 0.700000 0.600000 0.800000 0.500000 0.800000 0.800000 0.800000 
0.975000 0.840000 0.866667 0.828571 0.781818 0.820000 0.876923 0.888889 0.822222 0.857143 0.900000 0.750000 1.000000 0.654545 0.866667 0.833333 0.900000 0.800000 0.828571 
0.950000 0.800000 0.600000 0.600000 0.733333 0.840000 0.500000 0.733333 0.000000 0.650000 0.466667 0.666667 1.000000 0.600000 0.733333 0.933333 0.700000 0.000000 0.900000 
0.815385 0.733333 0.800000 0.640000 0.850000 0.850000 0.880000 0.866667 0.833333 0.628571 0.777778 0.933333 0.833333 0.857143 0.775000 0.800000 1.000000 0.700000 0.800000 
0.550000 0.000000 0.800000 0.700000 0.600000 0.600000 0.400000 0.600000 0.466667 0.750000 0.600000 1.000000 0.400000 0.600000 0.666667 0.800000 0.000000 0.600000 0.700000 
0.733333 0.900000 0.866667 0.400000 1.000000 0.900000 0.966667 0.900000 1.000000 0.850000 0.800000 0.000000 1.000000 0.600000 1.000000 0.750000 0.000000 0.800000 1.000000 
1.000000 1.000000 0.600000 0.800000 1.000000 1.000000 0.000000 0.600000 0.333333 0.800000 0.000000 0.866667 0.400000 0.000000 0.600000 0.850000 0.000000 0.800000 0.600000 
0.466667 1.000000 0.666667 0.200000 0.600000 0.000000 0.666667 0.400000 0.400000 0.350000 0.466667 0.600000 0.400000 0.800000 0.600000 0.300000 0.333333 0.466667 0.800000 
0.885714 0.900000 0.633333 0.666667 0.500000 0.800000 0.700000 0.800000 0.000000 0.400000 0.666667 0.733333 0.833333 0.800000 0.733333 0.933333 0.700000 0.760000 0.733333 
0.550000 0.000000 0.750000 0.200000 0.800000 0.000000 0.400000 1.000000 0.400000 0.666667 0.650000 0.300000 0.200000 0.400000 0.400000 0.200000 0.533333 0.600000 1.000000 
0.675000 0.914286 0.813333 0.916667 0.840000 0.846154 0.850000 0.883333 0.872727 0.920000 0.920000 0.725000 0.969231 0.825000 0.900000 0.860000 0.840000 0.773333 0.866667 
0.850000 0.800000 0.707692 0.880000 0.690909 0.846154 0.836364 0.909091 0.885714 0.800000 0.717647 0.745455 0.778947 0.780000 0.815385 0.784615 0.800000 0.800000 0.823529 
0.911111 0.800000 0.850000 0.885714 0.875000 0.800000 0.900000 0.900000 0.840000 0.800000 0.836364 0.950000 0.850000 0.822222 0.840000 0.800000 0.733333 0.875000 0.900000 
0.666667 0.600000 0.800000 0.600000 1.000000 0.800000 0.800000 0.800000 0.866667 0.733333 0.900000 0.600000 1.000000 0.800000 0.666667 0.850000 0.000000 0.900000 0.750000 
0.847059 0.740000 0.778947 0.800000 0.814286 0.854545 0.866667 0.936842 0.800000 0.838095 0.846154 0.786667 0.883333 0.828571 0.846154 0.875000 0.826667 0.842105 0.785714 
0.740000 0.750000 0.780000 0.600000 0.657143 0.850000 0.660000 0.766667 0.745455 0.622222 0.900000 0.725000 0.833333 0.800000 0.720000 0.866667 0.850000 0.650000 0.720000 
0.755556 0.800000 0.800000 0.733333 0.750000 0.933333 0.800000 0.833333 0.800000 0.733333 0.866667 0.600000 0.920000 0.800000 0.800000 0.900000 0.733333 0.742857 0.750000 
0.450000 0.000000 0.000000 0.400000 0.600000 0.800000 0.400000 0.300000 0.000000 1.000000 0.500000 0.000000 0.600000 0.400000 0.666667 0.000000 0.800000 0.000000 1.000000 
0.813333 0.830769 0.866667 0.893333 0.845455 0.888889 0.813333 0.863158 0.828571 0.790909 0.900000 0.866667 0.904762 0.810526 0.775000 0.840000 0.911111 0.870588 0.811111 
0.685714 0.900000 0.837500 0.900000 0.800000 0.818182 0.942857 0.822222 0.836364 0.822222 0.833333 0.800000 0.900000 0.784615 0.880000 0.777778 0.833333 0.763636 0.800000 
0.840000 0.800000 0.854545 0.960000 0.733333 0.857143 0.933333 0.880000 0.825000 0.800000 0.800000 0.900000 0.800000 0.755556 0.850000 0.800000 0.766667 0.900000 0.950000 
0.900000 0.880000 0.925000 0.914286 0.881818 0.945455 0.930000 0.784615 0.870588 0.842105 0.900000 0.800000 0.945455 0.880000 0.946667 0.836364 0.963636 0.986667 0.910000 
0.700000 0.000000 1.000000 0.000000 0.000000 0.900000 1.000000 0.800000 0.600000 0.000000 0.000000 0.000000 1.000000 1.000000 0.200000 1.000000 0.800000 0.000000 0.600000 
0.680000 0.600000 0.400000 0.533333 0.700000 0.800000 0.720000 0.880000 0.733333 0.640000 1.000000 0.733333 0.550000 0.200000 0.300000 0.733333 0.400000 0.680000 0.720000 
0.800000 0.400000 0.500000 0.600000 0.000000 0.550000 0.600000 0.400000 0.680000 0.500000 0.566667 0.200000 0.533333 1.000000 0.600000 0.600000 0.680000 0.533333 0.800000 
0.600000 0.000000 0.750000 0.600000 0.933333 0.800000 0.800000 0.800000 0.550000 0.900000 0.500000 0.666667 0.900000 0.833333 0.720000 0.771429 0.800000 0.520000 0.800000 
0.400000 0.700000 0.000000 0.000000 0.400000 0.000000 0.600000 0.400000 0.300000 1.000000 1.000000 0.500000 0.000000 0.533333 0.200000 0.600000 0.600000 0.000000 0.000000 
0.800000 0.885714 0.777778 0.888889 0.882353 0.880000 0.885714 0.914286 0.871429 0.857143 0.853333 0.760000 0.846154 0.800000 0.933333 0.830769 0.888889 0.893333 0.872727 
0.900000 0.000000 0.600000 0.400000 0.500000 1.000000 0.000000 0.000000 0.466667 0.600000 0.800000 0.500000 0.600000 0.400000 0.400000 1.000000 0.600000 0.400000 0.600000 
0.200000 0.400000 0.600000 0.450000 0.300000 0.600000 0.400000 0.000000 0.500000 0.600000 0.533333 0.000000 0.400000 1.000000 0.600000 0.800000 0.400000 0.000000 0.600000 
0.533333 0.533333 0.800000 0.000000 0.700000 0.600000 0.666667 0.333333 0.633333 0.600000 0.000000 1.000000 0.600000 0.733333 0.600000 0.666667 0.733333 0.400000 0.800000 
0.600000 0.733333 0.800000 0.600000 0.600000 0.533333 0.800000 0.533333 0.633333 0.640000 0.000000 1.000000 0.800000 0.550000 0.800000 0.700000 0.800000 0.400000 0.800000 
0.600000 0.850000 0.900000 0.800000 0.766667 0.733333 0.822222 0.733333 0.800000 0.833333 0.771429 0.733333 0.733333 0.533333 0.600000 0.900000 0.720000 0.666667 0.950000 
0.550000 0.000000 0.600000 0.000000 0.400000 0.650000 0.700000 0.800000 0.400000 0.000000 1.000000 0.700000 0.800000 0.533333 0.500000 0.000000 0.600000 0.600000 0.400000 
0.466667 0.333333 0.400000 0.200000 0.600000 0.400000 0.300000 0.333333 0.333333 0.400000 0.600000 0.000000 0.400000 1.000000 0.000000 0.600000 0.400000 0.600000 0.500000 
0.666667 0.650000 0.600000 0.000000 0.600000 0.800000 0.800000 0.600000 0.500000 0.800000 0.933333 0.000000 0.400000 0.600000 0.000000 0.600000 0.900000 0.000000 0.600000 
0.933333 0.875000 0.800000 0.800000 0.857143 0.900000 0.883333 0.960000 0.850000 0.840000 0.942857 0.600000 0.914286 0.975000 0.900000 0.966667 0.880000 0.960000 0.800000 
0.633333 0.600000 0.550000 0.600000 0.600000 0.657143 0.680000 0.533333 0.600000 0.400000 0.800000 1.000000 0.533333 0.666667 0.600000 0.300000 0.600000 0.600000 0.771429 
0.680000 0.700000 0.600000 0.000000 0.700000 0.800000 0.733333 0.650000 0.700000 0.700000 0.628571 1.000000 0.750000 0.600000 0.600000 1.000000 0.700000 0.700000 0.700000 
0.833333 0.760000 1.000000 1.000000 0.900000 0.657143 0.700000 0.733333 0.725000 0.466667 0.650000 0.700000 0.666667 0.700000 0.760000 0.733333 0.680000 0.733333 0.800000 
0.633333 0.828571 0.760000 0.800000 0.680000 0.711111 0.700000 0.485714 0.666667 0.766667 0.675000 0.900000 0.720000 0.800000 0.750000 0.680000 0.700000 0.760000 0.875000 
0.600000 0.857143 0.733333 0.466667 0.700000 0.750000 0.750000 0.700000 0.685714 0.700000 0.755556 0.733333 0.800000 0.680000 0.900000 0.866667 0.850000 0.900000 0.800000 
0.871429 0.872727 0.828571 0.950000 0.911111 0.920000 0.873684 0.883333 0.846154 0.854545 0.872727 0.815385 0.888889 0.850000 0.781818 0.780000 0.818182 0.822222 0.900000 
0.844444 0.933333 1.000000 0.800000 0.833333 0.800000 0.771429 0.725000 0.688889 0.800000 0.700000 0.800000 0.850000 0.666667 0.400000 0.711111 0.760000 0.766667 0.800000 
0.820000 0.920000 0.800000 0.850000 0.700000 0.866667 0.800000 0.900000 0.675000 0.766667 0.800000 0.666667 0.000000 0.900000 1.000000 0.866667 0.800000 0.850000 0.657143 
0.600000 0.866667 0.400000 0.000000 0.400000 0.700000 0.800000 1.000000 0.700000 0.000000 0.600000 0.000000 0.000000 0.800000 0.600000 0.000000 0.750000 0.000000 0.000000 
0.700000 0.000000 0.800000 0.500000 0.000000 0.000000 0.800000 0.800000 0.800000 0.600000 0.600000 1.000000 0.000000 0.400000 0.800000 0.800000 0.900000 0.000000 0.900000 
0.400000 1.000000 0.400000 0.333333 0.400000 0.800000 0.800000 0.700000 0.600000 0.650000 0.400000 0.700000 0.600000 0.000000 0.000000 0.000000 0.400000 0.000000 0.800000 
0.750000 0.600000 0.800000 0.900000 0.766667 0.700000 0.709091 0.760000 0.600000 0.840000 0.550000 0.650000 0.733333 0.666667 0.600000 0.900000 0.800000 0.750000 0.733333 
0.828571 0.833333 0.600000 0.866667 0.900000 0.800000 0.866667 0.666667 0.760000 0.760000 0.600000 0.800000 0.800000 0.800000 1.000000 0.600000 0.500000 0.733333 0.800000 
0.400000 0.950000 1.000000 0.800000 0.500000 0.750000 0.700000 0.733333 0.400000 0.000000 0.800000 0.000000 0.000000 0.600000 0.000000 0.600000 0.000000 0.400000 1.000000 
0.800000 0.771429 0.700000 0.900000 0.800000 0.800000 0.650000 0.900000 0.571429 0.000000 0.650000 0.900000 0.800000 0.666667 0.000000 0.700000 0.000000 0.733333 0.400000 
0.840000 0.800000 0.000000 1.000000 0.600000 0.800000 0.800000 0.700000 0.800000 0.800000 0.666667 0.700000 1.000000 0.733333 0.800000 0.700000 0.500000 0.800000 0.666667 
0.650000 0.700000 0.600000 0.840000 0.650000 0.650000 0.800000 0.720000 0.685714 0.885714 0.771429 0.850000 0.600000 0.750000 0.800000 0.800000 0.850000 0.700000 0.685714 
0.866667 0.880000 0.833333 0.875000 0.844444 0.854545 0.873684 0.945455 0.800000 0.815385 0.850000 0.942857 0.733333 0.769231 0.800000 0.880000 0.800000 0.876923 0.800000 
0.920000 0.700000 0.866667 0.833333 0.875000 0.900000 0.763636 0.950000 0.800000 0.720000 0.733333 0.833333 0.866667 0.866667 0.800000 0.900000 0.900000 0.800000 0.800000 
0.883333 0.872727 0.880000 0.850000 0.885714 0.850000 0.900000 0.850000 0.850000 0.840000 0.771429 0.860000 0.840000 0.925000 0.700000 0.857143 0.766667 0.825000 0.857143 
0.833333 0.800000 0.700000 0.875000 0.857143 0.866667 0.870588 0.890909 0.907692 0.800000 0.866667 0.800000 0.825000 0.940000 0.800000 0.900000 0.800000 0.923077 0.800000 
0.866667 0.933333 0.000000 0.600000 0.600000 0.600000 0.733333 0.866667 0.666667 0.900000 0.800000 0.866667 0.000000 0.800000 0.760000 0.866667 0.000000 0.850000 0.750000 
0.925000 0.920000 0.880000 0.885714 0.942857 0.953846 0.928000 0.860000 0.923077 0.833333 0.825000 0.880000 0.916667 0.894118 0.866667 0.846154 0.950000 0.940000 0.800000 
1.000000 0.866667 0.800000 0.900000 0.920000 0.777778 0.875000 0.850000 0.860000 0.850000 0.760000 0.850000 0.700000 0.950000 0.700000 0.880000 0.822222 0.857143 0.720000 
0.850000 0.000000 0.750000 0.900000 0.600000 0.800000 0.828571 0.866667 0.600000 0.850000 0.733333 0.900000 0.800000 1.000000 0.680000 0.800000 1.000000 0.800000 0.950000 
0.800000 0.800000 0.000000 0.800000 0.900000 0.900000 0.950000 0.800000 0.933333 0.733333 0.900000 0.900000 0.800000 0.800000 0.840000 0.800000 0.700000 0.933333 0.600000 
0.800000 0.933333 0.000000 1.000000 0.800000 0.400000 0.800000 0.850000 1.000000 0.866667 0.742857 0.850000 0.900000 0.733333 0.733333 1.000000 0.000000 0.800000 0.900000 
0.900000 0.850000 1.000000 1.000000 0.800000 0.800000 0.900000 0.700000 0.666667 0.828571 0.700000 0.800000 0.800000 0.866667 0.650000 0.800000 0.000000 0.840000 0.800000 
0.920000 0.866667 1.000000 0.666667 0.750000 0.866667 0.700000 0.733333 0.866667 0.720000 0.714286 0.750000 0.000000 0.750000 0.680000 0.900000 0.600000 0.800000 0.000000 
0.960000 1.000000 0.800000 0.800000 0.800000 0.800000 0.825000 0.900000 0.771429 0.650000 0.800000 0.800000 0.000000 0.900000 0.900000 0.900000 0.600000 1.000000 0.666667 
0.733333 0.900000 0.800000 0.800000 0.800000 0.900000 0.800000 0.800000 0.650000 0.800000 0.866667 0.866667 1.000000 0.800000 0.866667 0.800000 1.000000 0.750000 0.600000 
0.850000 0.680000 0.800000 0.733333 0.733333 1.000000 0.640000 0.700000 0.700000 0.850000 0.633333 0.400000 0.000000 0.600000 0.750000 0.733333 0.800000 0.700000 0.700000 
0.960000 0.773333 0.714286 0.800000 0.844444 0.900000 0.887500 0.760000 0.846154 0.800000 0.800000 0.763636 0.742857 0.750000 0.872727 0.816667 0.925000 0.842857 0.840000 
0.872727 0.866667 1.000000 0.866667 0.825000 0.885714 0.900000 0.825000 0.866667 0.800000 0.833333 0.800000 0.680000 0.766667 0.800000 0.857143 0.880000 0.760000 0.800000 
0.800000 0.800000 1.000000 0.800000 0.720000 0.800000 0.771429 0.800000 0.800000 0.950000 0.800000 0.000000 0.800000 0.733333 0.760000 0.600000 0.800000 0.833333 0.700000 
0.800000 0.800000 0.800000 0.800000 0.600000 0.000000 0.600000 0.800000 0.666667 0.840000 0.900000 0.800000 0.000000 0.700000 0.600000 0.800000 0.800000 0.000000 1.000000 
0.700000 0.800000 0.700000 1.000000 0.750000 0.700000 0.760000 0.700000 0.850000 0.950000 0.850000 0.900000 0.900000 0.733333 0.666667 0.900000 0.600000 0.833333 0.000000 
0.850000 0.900000 0.900000 0.733333 0.800000 0.900000 0.725000 0.600000 0.833333 0.850000 0.828571 0.700000 0.733333 0.700000 0.633333 0.733333 0.400000 0.800000 0.800000 
0.700000 0.800000 0.700000 0.900000 0.700000 0.650000 0.727273 0.760000 0.800000 0.857143 0.880000 0.800000 0.733333 0.680000 0.766667 0.640000 0.000000 0.720000 0.800000 
0.950000 0.830769 0.925000 0.800000 0.854545 0.950000 0.870588 0.800000 0.800000 0.888889 0.872727 0.657143 0.840000 0.816667 0.800000 0.866667 0.875000 0.800000 0.914286 
0.933333 0.700000 0.000000 0.900000 1.000000 0.700000 0.800000 0.800000 0.533333 0.000000 0.800000 0.600000 1.000000 0.650000 0.800000 1.000000 0.866667 0.900000 0.840000 
0.800000 0.880000 0.900000 0.800000 0.840000 1.000000 0.844444 1.000000 0.840000 0.920000 0.850000 0.825000 0.000000 0.857143 0.400000 0.000000 1.000000 0.933333 0.900000 
0.771429 0.927273 0.828571 0.825000 0.833333 0.850000 0.877778 0.888889 0.753846 0.861538 0.800000 0.836364 0.725000 0.826667 0.880000 0.800000 0.857143 0.892308 0.876923 
0.933333 0.900000 0.400000 0.700000 0.880000 0.900000 0.800000 0.850000 0.666667 0.800000 0.800000 0.800000 0.650000 0.800000 0.400000 0.000000 0.800000 0.800000 0.733333 
0.680000 0.914286 0.800000 0.650000 0.700000 0.800000 0.800000 0.857143 0.550000 0.700000 0.775000 1.000000 0.800000 0.650000 0.800000 0.700000 0.600000 0.760000 0.800000 
0.875000 0.850000 0.933333 0.800000 1.000000 0.000000 0.875000 0.800000 0.733333 0.700000 0.650000 0.866667 0.650000 0.828571 0.666667 0.950000 0.800000 0.880000 0.866667 
0.833333 0.800000 0.866667 1.000000 0.800000 0.857143 0.940000 0.800000 0.688889 0.857143 0.766667 0.825000 0.900000 0.720000 0.828571 0.760000 0.800000 0.942857 0.771429 
0.800000 0.000000 0.800000 0.733333 0.900000 1.000000 0.733333 0.900000 0.600000 0.000000 0.700000 0.000000 0.800000 0.666667 0.000000 0.933333 0.650000 0.400000 0.000000 
0.766667 0.700000 0.800000 0.000000 0.800000 0.600000 0.800000 0.900000 0.600000 1.000000 0.900000 0.766667 0.000000 0.800000 1.000000 1.000000 0.800000 0.750000 0.800000 
1.000000 0.760000 1.000000 0.850000 0.800000 0.920000 0.977778 0.833333 0.640000 0.666667 0.700000 0.850000 0.800000 0.650000 0.466667 0.600000 0.800000 0.900000 0.933333 
0.880000 0.888889 0.800000 0.900000 0.844444 0.771429 0.840000 0.875000 0.733333 0.857143 0.820000 0.760000 0.833333 0.875000 0.466667 0.733333 0.920000 0.825000 0.700000 
0.742857 0.828571 0.000000 0.900000 0.733333 0.800000 0.822222 0.800000 0.685714 0.700000 0.633333 0.800000 0.900000 0.866667 0.900000 0.900000 0.866667 0.914286 0.800000 
0.900000 0.666667 0.800000 0.866667 0.800000 0.666667 0.854545 0.900000 0.600000 0.733333 0.840000 0.733333 0.800000 0.733333 1.000000 0.933333 0.600000 0.920000 0.666667 
0.828571 0.800000 0.766667 0.760000 0.777778 0.880000 0.830769 0.777778 0.840000 0.766667 0.750000 0.650000 0.800000 0.771429 0.900000 0.900000 0.800000 0.777778 0.675000 
0.700000 0.800000 1.000000 0.000000 0.800000 0.900000 0.850000 0.500000 0.680000 0.000000 0.600000 0.800000 0.400000 0.600000 0.000000 0.600000 1.000000 0.600000 0.800000 
0.500000 0.400000 1.000000 0.800000 0.600000 0.828571 0.600000 0.600000 0.688889 0.600000 0.633333 1.000000 0.700000 0.766667 0.550000 0.800000 0.666667 0.600000 0.800000 
0.600000 0.666667 0.400000 0.000000 0.000000 1.000000 1.000000 0.800000 0.533333 0.000000 0.850000 0.700000 0.000000 0.600000 0.000000 0.000000 0.400000 1.000000 0.000000 
0.550000 0.600000 1.000000 0.200000 0.000000 0.600000 1.000000 0.900000 0.600000 0.650000 0.400000 0.800000 0.680000 0.800000 0.000000 0.900000 0.400000 0.720000 0.000000 
0.760000 0.900000 1.000000 0.720000 0.725000 0.666667 0.775000 0.760000 0.657143 0.833333 0.742857 0.733333 0.640000 0.500000 0.700000 0.866667 0.666667 0.675000 0.600000 
0.733333 0.800000 0.000000 0.720000 0.533333 0.500000 0.800000 1.000000 0.200000 0.800000 0.600000 0.000000 0.300000 0.700000 0.000000 0.900000 0.000000 0.866667 0.600000 
0.866667 0.800000 0.800000 0.600000 0.600000 0.800000 0.840000 0.800000 0.800000 0.600000 0.000000 0.866667 1.000000 0.000000 0.000000 0.800000 1.000000 0.800000 0.920000 
0.900000 0.800000 0.000000 0.000000 0.600000 0.000000 0.900000 0.000000 0.600000 0.800000 0.600000 0.000000 1.000000 0.600000 0.800000 0.000000 0.800000 1.000000 1.000000 
0.800000 0.850000 0.833333 0.866667 0.854545 0.980000 0.950000 0.928571 0.846154 0.892308 0.771429 0.980000 0.933333 0.885714 0.866667 0.883333 0.800000 0.876923 0.836364 
0.840000 0.800000 0.600000 0.750000 1.000000 0.700000 0.850000 0.875000 0.840000 0.680000 0.800000 0.840000 0.600000 0.733333 0.800000 0.800000 0.000000 0.866667 0.750000 
0.760000 0.850000 0.600000 0.880000 1.000000 1.000000 0.825000 0.933333 0.760000 0.666667 0.700000 0.866667 0.866667 0.900000 0.685714 0.800000 0.800000 0.833333 0.800000 
0.600000 1.000000 0.400000 0.700000 0.733333 0.800000 0.777778 0.750000 0.828571 0.840000 0.800000 0.866667 0.900000 0.900000 0.733333 0.700000 0.800000 0.800000 0.800000 
0.750000 0.800000 0.000000 1.000000 0.800000 0.500000 0.766667 0.733333 0.650000 0.700000 0.800000 0.000000 0.000000 0.700000 0.800000 0.000000 0.600000 0.933333 0.800000 
0.800000 0.800000 0.000000 0.800000 1.000000 0.000000 0.800000 0.800000 0.800000 0.800000 1.000000 0.850000 0.700000 0.850000 0.750000 0.000000 0.800000 0.900000 0.600000 
0.850000 0.700000 0.800000 0.600000 0.800000 0.800000 0.700000 0.800000 1.000000 0.720000 0.733333 0.700000 0.000000 0.700000 0.000000 0.000000 0.900000 0.900000 1.000000 
0.866667 0.800000 0.000000 0.000000 0.800000 0.000000 0.850000 0.700000 0.700000 0.800000 0.700000 0.800000 0.000000 1.000000 0.700000 0.600000 0.900000 0.000000 1.000000 
0.866667 0.800000 0.700000 0.800000 0.800000 0.750000 0.711111 0.600000 0.850000 0.700000 0.800000 0.600000 0.000000 0.700000 0.666667 0.000000 0.600000 1.000000 0.000000 
0.840000 0.900000 0.500000 0.900000 1.000000 0.000000 0.800000 0.900000 1.000000 0.700000 0.720000 0.900000 0.700000 0.800000 0.600000 0.900000 0.733333 0.866667 0.800000 
0.800000 0.700000 0.700000 0.000000 0.533333 0.680000 0.600000 1.000000 0.600000 1.000000 0.533333 0.600000 0.800000 0.666667 0.750000 0.600000 0.600000 0.800000 0.600000 
0.666667 0.600000 0.000000 0.800000 0.500000 0.650000 1.000000 0.500000 0.800000 0.600000 0.400000 0.000000 0.000000 0.800000 0.666667 0.600000 0.600000 0.700000 0.600000 
0.800000 0.800000 0.800000 0.920000 0.680000 0.733333 0.760000 0.866667 0.800000 0.880000 0.700000 0.800000 0.733333 0.700000 0.800000 0.000000 0.600000 0.700000 0.733333 
0.840000 0.800000 0.800000 0.800000 0.850000 0.600000 0.900000 0.800000 0.725000 0.800000 0.800000 0.600000 0.800000 0.700000 0.800000 0.850000 0.850000 0.800000 0.950000 
1.000000 0.200000 0.000000 0.600000 0.800000 0.900000 0.685714 0.600000 0.666667 0.000000 1.000000 0.800000 0.000000 0.000000 0.000000 1.000000 0.000000 0.000000 0.600000 
0.700000 1.000000 0.000000 0.933333 0.900000 0.800000 1.000000 0.700000 0.650000 0.600000 0.650000 0.720000 1.000000 0.640000 0.800000 0.600000 0.000000 0.800000 0.750000 
0.800000 0.800000 0.000000 0.700000 0.000000 0.800000 0.750000 0.760000 0.500000 1.000000 0.666667 0.800000 0.000000 0.666667 0.400000 0.800000 0.650000 0.800000 1.000000 
0.400000 0.766667 0.500000 0.600000 0.600000 0.933333 0.700000 0.666667 0.566667 0.850000 0.550000 0.760000 0.466667 0.550000 0.400000 1.000000 0.520000 0.475000 0.440000 
1.000000 0.933333 1.000000 0.933333 0.800000 0.000000 0.866667 0.900000 0.720000 0.733333 0.900000 0.933333 0.000000 1.000000 0.500000 0.000000 0.800000 0.800000 1.000000 
0.800000 0.900000 0.700000 0.800000 0.800000 0.600000 0.866667 1.000000 0.600000 0.666667 1.000000 0.600000 0.800000 0.600000 0.000000 0.900000 0.000000 0.600000 0.800000 
0.800000 1.000000 0.000000 0.600000 0.600000 0.800000 0.840000 1.000000 0.600000 0.000000 0.700000 0.800000 0.000000 0.600000 0.800000 0.000000 0.733333 0.600000 0.800000 
0.800000 1.000000 0.800000 0.800000 0.600000 0.800000 0.666667 0.800000 0.500000 0.800000 0.800000 0.900000 0.800000 0.700000 0.000000 0.800000 0.800000 0.900000 0.733333 
0.900000 0.800000 0.800000 0.866667 0.850000 0.840000 0.850000 0.800000 0.733333 0.880000 0.800000 0.800000 0.666667 0.766667 1.000000 0.600000 0.933333 0.950000 0.680000 
0.933333 0.800000 0.800000 0.933333 0.733333 0.900000 0.900000 0.900000 0.600000 0.866667 0.700000 0.750000 0.800000 0.600000 0.866667 0.750000 0.800000 1.000000 0.750000 
0.920000 0.890909 0.900000 0.818182 0.818182 0.733333 0.866667 0.727273 0.784615 0.842857 0.716667 0.771429 0.875000 0.875000 0.766667 0.850000 0.840000 0.818182 0.771429 
0.800000 0.760000 0.666667 0.933333 0.750000 0.833333 0.733333 0.828571 0.625000 0.800000 0.825000 0.800000 0.733333 0.666667 0.700000 0.840000 1.000000 0.900000 0.900000 
0.900000 0.885714 0.850000 0.657143 0.850000 0.977778 0.875000 0.911111 0.750000 0.742857 0.844444 0.880000 0.733333 0.800000 0.700000 0.760000 0.920000 0.860000 0.628571 
0.880000 0.900000 0.000000 0.800000 0.800000 0.800000 0.880000 0.933333 0.600000 0.800000 0.600000 0.733333 0.800000 0.750000 0.600000 1.000000 0.700000 0.800000 0.800000 
0.857143 0.900000 0.666667 0.840000 0.866667 0.880000 0.861538 0.883333 0.840000 0.800000 0.818182 0.900000 0.800000 0.816667 0.800000 0.828571 0.800000 0.925000 0.920000 
0.500000 0.650000 0.866667 1.000000 0.520000 0.657143 0.650000 0.600000 0.711111 0.760000 0.800000 1.000000 0.666667 0.600000 0.866667 0.600000 0.500000 0.680000 0.650000 
0.850000 0.800000 0.800000 0.900000 0.680000 0.914286 0.822222 0.857143 0.822222 0.800000 0.766667 0.800000 1.000000 0.650000 0.750000 0.825000 0.766667 0.900000 0.822222 
0.960000 0.866667 0.800000 0.840000 0.800000 0.900000 0.866667 0.900000 0.766667 0.760000 0.800000 0.800000 0.500000 0.800000 0.800000 0.850000 0.800000 0.750000 0.760000 
0.866667 0.800000 0.600000 0.800000 0.850000 0.720000 0.830769 0.800000 0.666667 0.720000 0.825000 0.866667 0.000000 0.685714 0.720000 0.933333 0.800000 0.763636 0.766667 
0.700000 0.750000 1.000000 0.800000 1.000000 1.000000 0.700000 0.750000 0.466667 0.800000 0.700000 0.800000 0.000000 0.720000 0.400000 0.400000 0.700000 0.700000 0.666667 
0.866667 0.533333 0.600000 1.000000 0.800000 0.666667 0.750000 0.866667 0.720000 0.600000 0.700000 0.600000 0.800000 0.666667 0.600000 0.000000 0.700000 0.600000 1.000000 
0.733333 0.733333 0.666667 0.800000 0.725000 0.800000 0.822222 0.560000 0.720000 0.650000 0.650000 0.680000 0.560000 0.644444 0.750000 0.550000 0.800000 0.800000 1.000000 
1.000000 0.733333 0.800000 0.300000 0.900000 0.800000 0.840000 0.750000 0.560000 0.000000 0.700000 0.700000 0.800000 0.650000 0.400000 0.650000 0.600000 0.733333 1.000000 
0.600000 0.000000 0.800000 0.200000 0.800000 0.000000 0.400000 1.000000 0.500000 0.600000 0.500000 0.300000 0.400000 0.400000 0.466667 0.200000 0.400000 0.600000 0.000000 
0.866667 1.000000 0.200000 0.960000 0.700000 1.000000 0.900000 0.866667 0.200000 0.666667 0.950000 0.800000 0.600000 0.800000 0.933333 0.600000 0.500000 0.000000 0.850000 
0.600000 0.700000 1.000000 0.600000 0.800000 0.750000 0.733333 0.200000 0.560000 0.800000 0.400000 1.000000 0.800000 0.800000 0.733333 0.400000 0.000000 0.733333 0.550000 
0.800000 0.685714 0.866667 0.950000 0.733333 0.750000 0.857143 0.628571 0.750000 0.760000 0.700000 0.800000 0.644444 0.714286 0.866667 0.700000 0.720000 0.466667 0.650000 
0.857143 0.800000 0.800000 0.800000 0.840000 0.800000 0.733333 0.800000 0.840000 0.800000 0.700000 0.800000 0.733333 0.880000 0.800000 0.920000 0.850000 0.714286 0.766667 
0.866667 0.800000 0.800000 0.866667 0.600000 0.800000 0.800000 0.775000 0.500000 0.750000 0.885714 0.850000 0.700000 0.900000 0.800000 0.800000 0.666667 0.733333 0.850000 
0.900000 0.800000 0.700000 0.933333 0.800000 0.857143 0.850000 0.900000 0.777778 0.857143 0.866667 0.800000 0.700000 0.680000 0.800000 0.800000 0.666667 0.800000 0.745455 
0.850000 0.650000 1.000000 0.640000 0.533333 0.866667 0.550000 0.600000 0.600000 0.600000 0.800000 1.000000 0.000000 0.400000 0.650000 0.400000 0.700000 0.500000 0.000000 
0.360000 0.533333 0.700000 0.560000 0.520000 0.333333 0.600000 0.600000 0.560000 0.480000 0.933333 0.720000 0.633333 0.450000 0.533333 0.600000 0.700000 0.550000 0.400000 
0.500000 0.500000 0.600000 0.400000 0.850000 0.766667 0.800000 1.000000 0.500000 0.800000 0.628571 0.800000 0.800000 0.600000 0.000000 0.000000 0.700000 0.500000 0.800000 
1.000000 0.500000 0.600000 1.000000 0.533333 0.666667 0.666667 0.600000 0.650000 0.600000 0.600000 0.400000 0.700000 0.533333 0.800000 0.400000 0.600000 0.400000 0.000000 
0.600000 1.000000 0.800000 0.000000 0.000000 0.000000 0.700000 0.000000 0.400000 0.000000 0.600000 0.733333 0.800000 0.500000 0.600000 0.800000 0.700000 0.000000 0.800000 
0.742857 0.775000 0.700000 0.828571 0.872727 0.675000 0.784615 0.733333 0.828571 0.640000 0.800000 0.750000 0.745455 0.685714 0.888889 0.900000 0.750000 0.733333 0.666667 
0.850000 0.857143 0.933333 0.650000 0.800000 0.750000 0.700000 0.857143 1.000000 0.700000 0.800000 0.800000 0.900000 0.800000 0.900000 0.866667 0.733333 0.760000 0.666667 
0.500000 0.600000 0.500000 0.600000 1.000000 0.733333 0.680000 0.800000 1.000000 0.600000 0.800000 0.800000 0.650000 0.600000 0.800000 0.600000 0.400000 0.750000 0.875000 
0.800000 0.750000 0.745455 0.650000 0.755556 0.800000 0.866667 0.866667 0.800000 0.880000 0.800000 0.714286 0.875000 0.711111 0.650000 0.685714 0.840000 0.725000 0.766667 
0.900000 0.800000 0.000000 0.600000 1.000000 0.400000 0.866667 0.900000 0.666667 0.900000 0.300000 0.000000 1.000000 0.600000 0.000000 0.400000 0.800000 0.600000 1.000000 
0.900000 0.500000 0.400000 0.200000 0.533333 0.600000 0.600000 0.500000 0.600000 0.733333 0.500000 0.600000 1.000000 0.800000 1.000000 0.800000 0.566667 0.600000 0.680000 
0.333333 0.300000 1.000000 0.000000 0.200000 0.500000 0.800000 0.680000 0.600000 0.800000 0.900000 1.000000 0.200000 0.700000 0.600000 0.200000 0.800000 0.000000 0.600000 
0.666667 0.600000 0.550000 0.900000 0.600000 0.733333 0.480000 0.600000 0.480000 0.600000 0.000000 0.000000 0.600000 0.600000 1.000000 0.700000 0.800000 0.800000 0.800000 
0.666667 0.600000 0.800000 1.000000 0.000000 0.700000 0.800000 0.500000 0.800000 0.933333 0.800000 0.400000 0.000000 0.550000 0.700000 0.000000 0.800000 0.760000 0.800000 
1.000000 0.600000 0.500000 0.600000 0.800000 0.700000 0.800000 0.000000 0.600000 0.200000 0.700000 0.000000 0.600000 0.450000 0.800000 0.000000 0.666667 0.600000 0.700000 
1.000000 0.800000 0.650000 0.733333 0.650000 0.760000 0.760000 0.550000 0.500000 0.600000 0.600000 0.500000 0.900000 0.733333 0.000000 0.000000 0.800000 0.733333 0.800000 
0.400000 0.875000 0.533333 0.700000 0.800000 0.800000 0.900000 0.800000 0.700000 0.750000 1.000000 0.866667 0.900000 0.600000 0.800000 0.900000 0.000000 0.733333 0.866667 
0.400000 1.000000 0.000000 0.800000 0.900000 0.000000 1.000000 0.800000 0.700000 0.533333 0.800000 0.600000 0.000000 0.800000 0.800000 0.000000 0.000000 1.000000 0.600000 
0.800000 1.000000 0.000000 0.733333 0.600000 0.000000 0.800000 1.000000 0.800000 0.600000 0.500000 0.000000 0.000000 0.600000 0.800000 0.800000 1.000000 1.000000 1.000000 
0.600000 0.000000 0.350000 0.200000 0.533333 0.566667 0.600000 1.000000 0.720000 0.200000 0.600000 0.000000 0.400000 0.500000 0.400000 0.466667 0.500000 0.533333 0.500000 
0.400000 0.700000 0.000000 0.000000 0.800000 0.600000 0.550000 0.533333 0.850000 0.533333 0.600000 0.600000 0.200000 0.000000 0.600000 1.000000 0.800000 0.000000 0.000000 
1.000000 0.800000 0.000000 0.400000 0.400000 0.640000 0.666667 0.700000 0.520000 1.000000 0.600000 0.800000 0.000000 0.500000 0.500000 0.600000 0.400000 0.200000 0.600000 
0.500000 0.600000 1.000000 0.400000 0.400000 0.800000 0.600000 0.680000 0.600000 0.600000 0.800000 1.000000 0.800000 0.600000 0.000000 0.800000 0.666667 0.000000 0.600000 
0.900000 0.800000 0.720000 0.666667 0.650000 0.800000 0.700000 0.733333 0.600000 0.720000 0.800000 0.750000 0.800000 0.400000 0.733333 0.800000 1.000000 1.000000 0.800000 
0.800000 0.800000 0.700000 0.700000 0.850000 1.000000 0.800000 0.760000 0.640000 0.800000 0.650000 0.650000 0.720000 0.600000 0.400000 0.400000 0.700000 0.833333 0.933333 
0.933333 0.800000 0.400000 0.000000 0.800000 0.650000 0.833333 0.700000 0.500000 0.800000 0.000000 1.000000 0.800000 1.000000 0.000000 0.400000 0.900000 0.600000 0.866667 
0.700000 0.800000 0.000000 0.800000 0.700000 0.000000 0.750000 0.800000 0.000000 0.900000 0.800000 1.000000 0.000000 0.700000 0.800000 0.000000 0.000000 0.000000 0.733333 
0.533333 0.600000 0.466667 0.333333 0.400000 0.800000 0.850000 0.850000 0.000000 0.600000 1.000000 1.000000 0.400000 0.533333 0.466667 0.466667 1.000000 0.400000 0.600000 
0.700000 0.000000 0.600000 0.600000 0.400000 0.400000 0.600000 0.700000 0.600000 0.566667 0.800000 0.000000 0.800000 0.800000 0.600000 0.000000 0.600000 1.000000 0.800000 
0.400000 0.700000 0.666667 0.433333 0.000000 0.750000 1.000000 0.000000 1.000000 0.500000 0.300000 0.400000 0.450000 0.600000 0.666667 0.500000 0.733333 0.700000 0.600000 
0.900000 0.800000 0.650000 0.650000 0.700000 0.900000 1.000000 0.700000 1.000000 0.633333 0.900000 0.650000 0.666667 0.700000 0.666667 0.733333 0.850000 0.533333 0.600000 
0.900000 0.600000 0.400000 0.700000 0.750000 0.800000 1.000000 0.840000 0.800000 1.000000 0.600000 0.400000 0.600000 0.920000 1.000000 0.800000 0.800000 0.550000 0.700000 
0.800000 0.800000 0.800000 0.800000 0.600000 0.800000 0.000000 0.800000 0.000000 0.733333 0.933333 0.800000 0.800000 0.533333 0.800000 0.750000 0.400000 0.600000 0.800000 
0.600000 0.600000 0.666667 0.400000 0.000000 0.880000 0.900000 0.000000 0.000000 0.866667 1.000000 0.600000 0.000000 0.500000 0.900000 0.733333 0.866667 0.933333 0.700000 
0.300000 0.800000 1.000000 0.000000 0.200000 0.000000 0.800000 1.000000 0.600000 1.000000 0.000000 0.000000 0.000000 0.700000 0.000000 0.800000 0.600000 0.600000 0.800000 
0.400000 0.800000 0.500000 0.733333 0.000000 0.000000 0.400000 0.800000 0.700000 1.000000 0.600000 0.700000 0.800000 0.000000 0.600000 0.600000 0.800000 0.700000 0.600000 
0.600000 0.700000 1.000000 0.600000 0.600000 0.800000 1.000000 0.400000 0.000000 0.800000 0.000000 0.000000 0.400000 0.600000 0.533333 0.000000 0.400000 0.800000 0.000000 
0.840000 0.800000 1.000000 0.640000 0.600000 0.833333 0.700000 0.866667 0.760000 0.566667 0.750000 0.720000 0.650000 0.600000 0.000000 0.960000 0.640000 0.800000 0.825000 
1.000000 0.666667 0.000000 0.600000 0.866667 0.800000 0.828571 0.800000 0.600000 0.800000 0.700000 0.600000 0.800000 0.800000 0.900000 1.000000 0.800000 0.900000 0.900000 
0.800000 0.200000 0.800000 0.666667 0.000000 0.800000 0.800000 0.800000 0.800000 0.800000 0.800000 1.000000 0.600000 0.700000 0.600000 0.800000 1.000000 1.000000 0.900000 
1.000000 0.900000 0.800000 0.000000 0.766667 0.866667 1.000000 0.800000 0.720000 0.933333 0.800000 0.800000 0.866667 0.666667 1.000000 0.800000 0.733333 0.800000 0.840000 
0.550000 0.600000 0.800000 0.700000 0.500000 0.866667 0.000000 0.600000 0.800000 0.600000 0.700000 0.500000 0.600000 0.600000 0.000000 0.000000 0.800000 0.600000 1.000000 
0.900000 1.000000 0.000000 0.000000 0.800000 0.800000 0.700000 0.800000 0.866667 0.750000 0.900000 0.800000 0.733333 0.600000 0.800000 0.600000 1.000000 0.800000 0.800000 
0.800000 1.000000 1.000000 0.800000 0.600000 1.000000 0.850000 0.900000 0.600000 0.800000 0.800000 0.000000 0.600000 0.666667 0.600000 0.800000 0.800000 0.760000 0.800000 
0.600000 0.750000 0.680000 0.600000 0.666667 0.640000 0.800000 0.700000 0.733333 0.600000 0.750000 0.400000 0.566667 0.400000 0.680000 1.000000 0.700000 0.628571 0.680000 
0.500000 1.000000 0.000000 1.000000 0.700000 0.000000 0.600000 0.500000 0.650000 0.000000 0.800000 0.000000 0.000000 0.500000 0.800000 0.000000 0.400000 0.000000 0.600000 
0.800000 0.600000 0.700000 0.600000 0.400000 0.000000 0.666667 0.000000 0.300000 0.200000 0.600000 0.800000 0.000000 0.750000 0.000000 0.800000 1.000000 0.000000 0.900000 
0.800000 0.800000 0.600000 1.000000 1.000000 1.000000 0.800000 0.666667 0.600000 0.200000 0.600000 0.000000 0.800000 0.600000 1.000000 1.000000 0.300000 0.000000 0.700000 
1.000000 1.000000 0.700000 0.800000 0.800000 1.000000 0.950000 1.000000 0.800000 0.920000 0.833333 0.200000 1.000000 0.700000 0.000000 1.000000 0.800000 0.800000 0.800000 
0.800000 1.000000 0.600000 1.000000 0.600000 0.000000 0.760000 0.900000 0.400000 0.800000 0.600000 0.000000 0.000000 0.000000 0.600000 0.600000 0.000000 0.000000 0.800000 
0.600000 1.000000 0.800000 0.900000 0.800000 1.000000 0.850000 0.000000 1.000000 0.866667 0.400000 0.000000 0.933333 0.800000 1.000000 0.800000 0.000000 0.800000 0.800000 
0.800000 0.650000 0.200000 0.666667 0.866667 0.760000 0.880000 0.733333 0.628571 0.600000 0.800000 1.000000 0.840000 0.714286 0.866667 0.600000 0.866667 0.960000 0.933333 
0.600000 0.500000 0.600000 0.600000 0.400000 0.450000 0.600000 0.733333 0.933333 0.000000 0.600000 0.000000 0.400000 0.600000 0.000000 0.000000 0.600000 0.533333 0.800000 
0.500000 0.600000 0.666667 0.400000 0.700000 0.600000 0.800000 0.466667 0.800000 0.533333 0.500000 0.700000 0.666667 0.600000 1.000000 0.000000 0.700000 0.800000 0.600000 
0.400000 0.600000 0.800000 0.200000 0.400000 0.600000 1.000000 0.800000 0.800000 0.900000 0.700000 0.600000 0.800000 0.400000 0.800000 0.000000 0.600000 0.000000 0.800000 
0.200000 0.400000 0.400000 0.400000 0.600000 0.800000 0.000000 0.600000 0.666667 0.200000 1.000000 0.000000 0.400000 0.400000 0.200000 0.400000 1.000000 0.600000 0.000000 
0.600000 0.700000 0.000000 0.800000 0.000000 0.800000 1.000000 0.700000 0.600000 1.000000 0.600000 0.666667 0.000000 0.600000 0.000000 0.000000 0.600000 0.800000 0.933333 
1.000000 0.866667 0.000000 0.800000 0.800000 0.866667 0.840000 0.875000 0.850000 0.750000 0.666667 0.000000 0.000000 0.700000 0.800000 0.800000 0.800000 0.800000 0.800000 
0.700000 0.866667 0.400000 0.333333 0.800000 0.750000 0.680000 0.640000 0.700000 0.560000 0.600000 0.000000 0.700000 0.500000 0.000000 0.600000 0.666667 0.500000 1.000000 
0.900000 0.700000 0.700000 0.900000 0.000000 1.000000 0.733333 0.900000 0.400000 0.900000 0.600000 0.900000 0.800000 1.000000 0.800000 0.800000 1.000000 0.600000 0.900000 
0.600000 0.900000 0.600000 0.800000 0.700000 0.700000 0.866667 1.000000 0.840000 0.733333 0.800000 0.600000 0.600000 0.800000 0.733333 0.800000 0.000000 0.600000 0.000000 
0.800000 0.800000 0.000000 1.000000 0.900000 0.000000 0.680000 1.000000 0.666667 0.000000 0.600000 0.680000 0.900000 1.000000 0.400000 0.800000 0.000000 0.666667 1.000000 
0.800000 1.000000 1.000000 0.533333 0.600000 0.600000 0.900000 0.600000 0.000000 0.900000 0.800000 0.700000 1.000000 0.700000 0.400000 1.000000 0.000000 0.466667 0.500000 
0.600000 0.000000 0.600000 0.466667 0.400000 0.750000 1.000000 0.500000 0.800000 0.600000 0.400000 0.600000 0.533333 0.800000 0.466667 0.533333 0.520000 0.600000 0.700000 
1.000000 0.466667 0.200000 0.350000 0.700000 0.700000 0.800000 0.800000 0.400000 0.500000 0.800000 0.600000 0.600000 0.500000 0.800000 0.000000 0.600000 0.300000 0.800000 
0.600000 0.400000 0.400000 0.000000 0.000000 0.400000 0.400000 0.400000 0.600000 0.533333 0.800000 0.400000 0.500000 0.800000 1.000000 0.600000 0.600000 0.400000 0.400000 
0.600000 0.900000 0.720000 0.600000 0.750000 0.800000 0.914286 0.771429 0.680000 0.857143 0.900000 0.720000 0.866667 0.800000 0.900000 0.900000 0.800000 0.800000 0.800000 
0.600000 0.000000 0.600000 1.000000 0.533333 0.800000 1.000000 0.600000 0.800000 0.700000 0.000000 0.600000 0.000000 0.400000 0.800000 0.000000 0.000000 0.600000 0.000000 
0.600000 0.466667 0.400000 0.000000 0.733333 0.700000 0.800000 0.800000 0.933333 0.900000 0.800000 0.000000 0.800000 0.600000 0.400000 0.000000 0.800000 0.900000 0.200000 
0.400000 0.680000 0.800000 0.800000 0.866667 0.866667 0.800000 0.666667 0.333333 0.000000 0.200000 0.900000 0.900000 0.480000 1.000000 1.000000 0.800000 0.666667 0.800000 
0.600000 0.600000 0.800000 0.600000 0.800000 0.666667 0.700000 0.600000 0.000000 0.600000 0.900000 0.400000 0.850000 0.600000 1.000000 0.400000 0.800000 0.000000 0.666667 
0.600000 0.800000 0.000000 0.800000 1.000000 0.700000 0.700000 1.000000 0.500000 0.900000 0.600000 0.600000 1.000000 0.800000 0.000000 0.000000 0.900000 0.000000 0.733333 
1.000000 0.840000 1.000000 0.800000 0.760000 0.860000 0.636364 0.600000 0.600000 1.000000 0.750000 0.666667 0.666667 0.733333 0.000000 0.800000 0.800000 1.000000 0.800000 
0.000000 0.800000 0.000000 0.600000 0.000000 0.000000 0.866667 0.000000 1.000000 0.600000 0.800000 0.800000 0.700000 0.500000 0.000000 0.000000 0.900000 0.000000 1.000000 
0.000000 0.466667 0.400000 0.400000 0.600000 0.400000 0.600000 0.700000 0.360000 1.000000 0.800000 0.600000 0.000000 0.400000 0.700000 0.250000 0.800000 0.400000 0.000000 
0.000000 0.866667 0.200000 0.400000 0.000000 0.800000 1.000000 0.400000 0.400000 0.800000 0.600000 0.000000 0.800000 0.600000 0.600000 0.600000 0.000000 0.800000 0.500000 
0.000000 0.600000 0.000000 0.800000 0.800000 0.800000 0.666667 0.800000 0.500000 0.600000 0.600000 0.000000 0.800000 0.600000 1.000000 0.000000 0.000000 0.800000 0.600000 
0.000000 0.600000 0.733333 0.500000 0.466667 0.000000 1.000000 0.700000 0.000000 0.700000 0.900000 0.600000 0.800000 0.600000 0.600000 0.000000 0.000000 0.800000 0.800000 
0.000000 0.600000 0.000000 0.800000 0.733333 0.600000 0.640000 0.600000 0.600000 0.600000 0.666667 1.000000 0.600000 0.600000 0.500000 0.600000 0.700000 0.720000 0.700000 
0.000000 0.733333 0.700000 0.650000 0.733333 0.600000 0.800000 0.760000 0.733333 0.866667 0.900000 0.600000 1.000000 0.666667 0.750000 0.800000 0.680000 0.600000 0.720000 
0.000000 0.600000 0.000000 0.800000 1.000000 0.800000 0.600000 0.800000 1.000000 0.800000 0.700000 0.800000 0.000000 0.500000 0.000000 1.000000 0.800000 0.400000 0.800000 
0.000000 0.640000 0.000000 1.000000 0.800000 1.000000 0.600000 0.000000 0.700000 0.600000 0.300000 0.800000 0.000000 0.500000 0.733333 0.600000 0.600000 1.000000 0.000000 
0.000000 0.933333 0.000000 0.200000 0.800000 0.800000 0.400000 0.900000 0.600000 0.800000 0.300000 0.000000 0.800000 0.400000 0.700000 0.900000 0.600000 0.000000 0.000000 
0.000000 0.600000 0.800000 0.000000 1.000000 0.600000 0.533333 0.500000 0.600000 0.800000 0.750000 1.000000 0.500000 0.440000 0.600000 0.600000 0.500000 0.600000 0.600000 
0.000000 0.600000 0.700000 0.900000 0.400000 0.000000 0.800000 0.000000 0.800000 0.600000 0.720000 1.000000 0.800000 0.533333 0.600000 0.800000 0.000000 0.000000 0.700000 
0.000000 0.733333 1.000000 0.666667 0.866667 1.000000 0.800000 0.800000 0.800000 0.733333 0.000000 0.700000 0.000000 0.600000 1.000000 0.000000 0.000000 0.800000 0.900000 
0.000000 0.200000 0.400000 0.400000 0.600000 0.533333 0.600000 0.000000 0.533333 1.000000 0.400000 0.500000 0.000000 0.533333 0.600000 0.600000 0.466667 0.800000 0.200000 
0.000000 0.800000 0.720000 1.000000 1.000000 0.500000 0.900000 0.850000 0.800000 0.942857 0.800000 0.000000 0.800000 0.400000 0.500000 0.800000 1.000000 0.000000 0.866667 
0.000000 0.700000 0.000000 1.000000 0.800000 0.000000 0.800000 0.700000 0.000000 0.000000 0.800000 0.800000 0.700000 0.666667 0.600000 1.000000 0.800000 0.800000 0.800000 
0.000000 0.200000 0.000000 0.600000 0.800000 0.800000 0.800000 0.400000 0.900000 0.900000 0.600000 0.600000 0.800000 1.000000 0.533333 0.533333 0.000000 0.000000 0.750000 
0.000000 1.000000 1.000000 0.900000 0.000000 0.800000 0.700000 0.466667 0.500000 0.900000 0.900000 0.600000 0.000000 0.600000 0.600000 0.400000 0.800000 0.800000 0.000000 
0.000000 1.000000 0.800000 0.000000 0.600000 0.000000 0.000000 0.000000 0.700000 0.666667 0.000000 1.000000 0.000000 0.650000 0.600000 0.400000 0.000000 0.600000 0.000000 
0.000000 0.800000 0.800000 0.000000 0.866667 0.700000 0.800000 0.800000 0.750000 0.800000 0.800000 0.900000 0.800000 0.866667 0.000000 1.000000 0.000000 0.000000 0.800000 
0.000000 0.800000 0.000000 0.200000 0.000000 0.600000 0.400000 1.000000 0.500000 0.200000 0.800000 0.400000 0.600000 0.000000 0.000000 0.000000 0.700000 0.400000 0.000000 
0.000000 1.000000 0.000000 1.000000 0.933333 0.000000 1.000000 1.000000 0.600000 0.500000 0.000000 1.000000 0.600000 0.800000 0.600000 0.800000 0.000000 0.000000 0.800000 
0.000000 0.600000 0.700000 0.600000 0.600000 0.720000 0.700000 0.600000 0.560000 0.800000 0.000000 0.700000 0.000000 0.800000 1.000000 0.000000 0.000000 0.400000 0.600000 
0.000000 0.700000 0.600000 1.000000 0.700000 0.800000 0.800000 0.600000 0.600000 0.750000 1.000000 0.000000 0.466667 0.600000 0.700000 0.800000 0.000000 0.600000 0.666667 
0.000000 0.000000 0.400000 0.000000 0.000000 0.666667 1.000000 1.000000 0.533333 0.600000 0.666667 1.000000 1.000000 0.800000 0.000000 0.666667 0.800000 1.000000 0.600000 
