130 6
0.900000 0.975261 0.720487 0.620614 0.432099 0.001000 
0.933333 0.808686 0.490628 0.039474 0.294239 0.178439 
0.933333 0.934030 0.756001 0.447368 0.610082 0.063197 
0.933333 0.962617 0.515620 0.629386 0.503086 0.001000 
0.900000 0.990104 0.570536 0.526316 0.509259 0.001000 
0.877778 0.805113 0.390332 0.692982 0.236626 0.007435 
0.955556 0.575041 0.309438 0.032895 0.172840 0.048327 
0.933333 0.776251 0.563302 0.028509 0.360082 0.256506 
0.966667 0.565146 0.377507 0.057018 0.221193 0.066914 
0.900000 0.803189 0.333772 0.861842 0.256173 0.001000 
1.000000 0.790544 0.365998 0.024123 0.393004 0.014870 
0.933333 0.938428 0.696153 0.074561 0.434156 0.037175 
0.922222 0.791369 0.458731 0.116228 0.204733 0.141264 
0.933333 0.935129 0.770470 0.344298 0.625514 0.107807 
0.933333 0.960143 0.651430 0.565789 0.609053 0.003717 
0.911111 0.972787 0.930944 0.381579 0.818930 0.001000 
0.911111 0.928807 0.748109 0.741228 0.654321 0.001000 
0.933333 0.929082 0.345610 0.067982 0.226337 0.267658 
0.933333 0.891699 0.809602 0.350877 0.681070 0.126394 
0.933333 0.903244 0.679711 0.449561 0.786008 0.001000 
0.955556 0.755085 0.309767 0.210526 0.255144 0.001000 
0.955556 0.786421 0.480105 0.125000 0.291152 0.011152 
0.966667 0.766630 0.393292 0.129386 0.391975 0.001000 
0.922222 0.852391 0.709635 0.223684 0.700617 0.011152 
0.966667 0.767180 0.320618 0.037281 0.322016 0.001000 
0.911111 1.000000 0.612299 0.173246 0.588477 0.001000 
0.911111 0.931831 0.667872 0.260965 0.834362 0.001000 
0.866667 0.806487 0.850049 0.173246 0.610082 0.118959 
0.888889 0.939252 0.806314 0.039474 0.806584 0.007435 
0.888889 0.891974 0.730681 0.328947 0.827160 0.003717 
0.900000 0.934030 0.828675 0.274123 0.850823 0.001000 
0.888889 0.868884 0.754686 0.214912 0.470165 0.208178 
0.911111 0.773227 0.261098 1.000000 0.274691 0.001000 
0.911111 0.901869 1.000000 0.274123 1.000000 0.044610 
0.888889 0.871358 0.744492 0.225877 0.978395 0.163569 
0.911111 0.910115 0.943111 0.287281 0.884774 0.026022 
0.888889 0.486256 0.103256 0.756579 0.067901 0.074349 
0.911111 0.876855 0.740875 0.048246 0.475309 0.602230 
0.900000 0.894722 0.865834 0.142544 0.815844 0.100372 
0.911111 0.869984 0.771786 0.717105 0.666667 0.003717 
0.911111 0.878780 0.905294 0.118421 0.719136 0.342007 
0.911111 0.858164 0.835252 0.109649 0.939300 0.059480 
0.911111 0.858714 0.656034 0.824561 0.551440 0.003717 
0.911111 0.825179 0.655377 0.699561 0.861111 0.001000 
0.911111 0.833975 0.848405 0.182018 0.690329 0.107807 
0.911111 0.907642 0.783295 0.173246 0.913580 0.014870 
0.911111 0.850742 0.690891 0.701754 0.799383 0.003717 
0.866667 0.843046 0.835580 0.133772 0.585391 0.301115 
0.911111 0.891149 0.703716 0.750000 0.586420 0.001000 
0.911111 0.707806 0.516278 0.357456 0.427984 0.070632 
0.911111 0.882628 0.630056 0.578947 0.788066 0.011152 
0.855556 0.763606 0.512660 0.311404 0.583333 0.141264 
0.911111 0.915063 0.678395 0.276316 0.757202 0.029740 
0.888889 0.900770 0.718185 0.651316 0.557613 0.029740 
0.900000 0.886201 0.781651 0.506579 0.874486 0.001000 
0.888889 0.890874 0.783624 0.581140 0.951646 0.037175 
0.911111 0.971138 0.565603 0.166667 0.469136 0.524164 
0.911111 0.912040 0.554423 0.008772 0.397119 0.732342 
0.855556 0.807312 0.540283 0.493421 0.662551 0.040892 
0.900000 0.844970 0.735942 0.574561 0.871399 0.022305 
0.911111 0.849368 0.819138 0.092105 0.675926 0.412639 
0.877778 0.782298 0.492272 0.083333 0.230453 0.955390 
0.900000 0.809786 0.615587 0.041667 0.505144 0.836431 
0.911111 0.829852 0.674449 0.594298 0.846708 0.011152 
0.911111 0.835899 0.470569 0.063596 0.228395 0.992565 
0.922222 0.766905 0.410720 0.052632 0.252058 0.375465 
0.900000 0.815833 0.575797 0.054825 0.488683 0.851301 
0.877778 0.924134 0.695495 0.057018 0.550412 0.769517 
0.888889 0.921660 0.637290 0.098684 0.601852 0.546468 
0.800000 0.771303 0.475173 0.300439 0.322016 0.223048 
0.788889 0.772128 0.511345 0.271930 0.342593 0.241636 
0.911111 0.859263 0.692864 0.201754 0.566872 0.353160 
0.911111 0.952172 0.609997 0.070175 0.326132 0.368030 
0.944444 0.497801 0.333443 0.050439 0.383745 0.066914 
0.900000 0.669324 0.330812 0.394737 0.242798 0.223048 
0.911111 0.941451 0.651759 0.039474 0.435185 0.657993 
0.911111 0.872457 0.598487 0.421053 0.681070 0.026022 
0.911111 0.946399 0.580401 0.070175 0.334362 0.338290 
0.855556 0.848543 0.679053 0.258772 0.603909 0.219331 
0.911111 0.858988 0.586649 0.221491 0.553498 0.561338 
0.844444 0.779549 0.428806 0.267544 0.397119 0.297398 
0.822222 0.803738 0.698783 0.447368 1.000000 0.001000 
0.911111 0.857614 0.681026 0.151316 0.759259 0.546468 
0.888889 0.883727 0.782637 0.118421 0.833333 0.617100 
0.900000 0.933480 0.622164 0.107456 0.358025 0.821561 
0.855556 0.808136 0.485695 0.296053 0.329218 0.193309 
0.911111 0.912864 0.487997 0.103070 0.347737 0.631970 
0.911111 0.915063 0.686945 0.445175 0.721193 0.003717 
0.900000 0.872732 0.563630 0.276316 0.460905 0.137546 
0.866667 0.675371 0.345610 0.467105 0.155350 0.386617 
0.911111 0.908466 0.705031 0.188596 0.661523 0.780669 
0.922222 0.866960 0.557711 0.098684 0.344650 0.330855 
0.900000 0.935129 0.589938 0.083333 0.333333 0.825279 
0.911111 0.934854 0.809273 0.146930 0.733539 0.460967 
0.900000 0.874382 0.619533 0.519737 0.652263 0.022305 
0.911111 0.957944 0.743834 0.028509 0.757202 0.312268 
0.888889 0.608301 0.316672 0.383772 0.380658 0.137546 
0.900000 0.927158 0.564288 0.208333 0.303498 0.524164 
0.833333 0.811985 0.791516 0.129386 0.746914 0.643123 
0.911111 0.921111 0.597172 0.050439 0.480453 0.494424 
0.944444 0.738043 0.455113 0.081140 0.441358 0.033457 
0.866667 0.795767 0.422230 0.471491 0.510288 0.252788 
0.911111 0.821330 0.396251 0.271930 0.187243 0.486989 
0.855556 0.801264 0.552450 0.228070 0.435185 0.368030 
0.944444 0.733645 0.220980 0.673246 0.223251 0.001000 
0.900000 0.897196 0.645840 0.030702 0.437243 0.892193 
0.900000 0.864761 0.515949 0.260965 0.282922 0.423792 
0.866667 0.830126 0.668201 0.260965 0.728395 0.338290 
0.866667 0.830951 0.642881 0.035088 0.369342 1.000000 
0.888889 0.929357 0.771457 0.054825 0.822016 0.739777 
0.888889 0.899945 0.931273 0.065789 0.842593 0.669145 
0.877778 0.924134 0.814864 0.144737 0.837449 0.472119 
0.766667 0.716603 0.346597 0.482456 0.509259 0.133829 
0.900000 0.898296 0.581717 0.300439 0.306584 0.356877 
0.888889 0.703958 0.296613 0.456140 0.300412 0.126394 
0.888889 0.763606 0.397567 0.285088 0.188272 0.576208 
0.822222 0.808686 0.692207 0.028509 0.738683 0.762082 
0.855556 0.863661 0.799079 0.078947 0.790123 0.509294 
0.911111 0.877680 0.763893 0.087719 0.763374 0.557621 
0.911111 0.848818 0.557382 0.385965 0.922840 0.001000 
0.911111 0.942276 0.711608 0.026316 0.819959 0.353160 
0.911111 0.866135 0.587964 0.120614 0.341564 0.903346 
0.900000 0.790544 0.458402 0.497807 0.482510 0.092937 
0.001000 0.022540 0.823742 0.197368 0.332305 0.806691 
0.744444 0.666850 0.568234 0.212719 0.473251 0.676580 
0.900000 0.840297 0.757646 0.203947 0.783951 0.490706 
0.877778 0.837823 0.784610 0.232456 0.793210 0.327138 
0.888889 0.769379 0.452483 0.243421 0.240741 0.449814 
0.911111 0.890324 0.812890 0.184211 0.864198 0.475836 
0.844444 0.815283 0.742519 0.168860 0.795267 0.479554 
